((("1542" .
   [1 0 0 0])
  ("1370" .
   [1 0 0 0])
  ("64" .
   [1 0])
  ("36" .
   [1 0])
  ("28" .
   [1 0])
  ("20" .
   [2 0])
  ("82" .
   [1 0])
  ("24" .
   [1 0])
  ("int" .
   [1 0 0])
  ("for" .
   [9 0 4])
  ("val" .
   [2 0 0])
  ("double" .
   [2 0 0 1 0 0])
  ("return" .
   [1 0 0 0 0 0])
  ("value" .
   [0 0 1 0 0])
  ("mysql" .
   [1 0 0 0 0])
  ("~/Documents/ranch/ranch_db.sql" .
   [0 0 0 0 0 0 0 0 0 0 0 0 0 0 0 0 0 0 1 0 0 0 0 0 0 0 0 0 0 0])
  ("~/Documents/ranch/" .
   [0 0 0 0 0 0 0 0 0 0 0 0 0 0 0 1 0 0])
  ("~/Documents/" .
   [0 0 0 0 0 0 1 0 0 0 0 0])
  ("-p19900110" .
   [0 0 2 0 0 0 0 0 0 0])
  ("-uroot" .
   [0 0 1 1 0 0])
  ("year" .
   [1 0 0 0])
  ("c2.idcordinate," .
   [0 0 0 1 0 1 0 0 0 0 0 0 0 0 0])
  ("and" .
   [2 0 0])
  ("1000" .
   [2 0 0 0])
  ("oaim" .
   [1 0 0 0])
  ("./data/twitter2000/" .
   [0 0 0 0 0 0 0 0 0 0 0 0 0 0 0 0 0 1 0])
  ("cordinate_points" .
   [2 0 0 0 0 0 0 0 0 0 0 0 0 0 0 0])
  ("defun" .
   [1 0 0 0 0])
  ("interactive" .
   [0 0 0 0 0 0 0 1 0 0 0])
  ("save-some-buffers" .
   [0 0 0 0 0 0 1 0 0 0 0 0 0 0 0 0 0])
  ("kill-emacs" .
   [0 0 0 0 0 0 0 1 0 0])
  ("add" .
   [3 0 0])
  ("add-to-list" .
   [0 0 0 0 0 0 0 0 0 0 1])
  ("load-library" .
   [0 0 0 0 0 0 0 1 0 0 0 0])
  ("range" .
   [5 0 2 2 2])
  ("if" .
   [6 0])
  ("in" .
   [7 0])
  ("dist" .
   [1 0 0 0])
  ("else" .
   [1 0 0 1])
  ("os" .
   [3 0])
  ("anony_graph_path" .
   [0 0 0 2 0 0 0 0 0 0 0 0 0 0 0 0])
  ("fnmatch" .
   [0 0 1 0 3 0 0])
  ("def" .
   [1 0 0])
  ("dataset" .
   [0 0 0 0 2 0 0])
  ("hier_path" .
   [0 0 0 0 0 0 0 1 0])
  ("output_path" .
   [0 0 0 1 0 0 0 1 0 0 0])
  ("method" .
   [2 0 0 0 0 0])
  ("pass" .
   [6 0 0 0])
  ("listdir" .
   [0 0 0 0 0 1 0])
  ("str" .
   [2 0 0])
  ("Sol" .
   [0 0 2])
  ("solus" .
   [1 0 0 0 0])
  ("sol" .
   [1 0 0])
  ("print" .
   [7 0 0 0 0])
  ("renumbered" .
   [1 0 0 0 0 0 0 0 0 0])
  ("compare_edge_label_dist" .
   [0 0 0 0 0 0 0 0 0 0 1 0 0 0 0 0 0 0 0 0 0 0 0])
  ("import" .
   [1 0 0 0 0 0])
  ("datetime" .
   [1 0 0 0 0 0 1 1])
  ("date" .
   [2 0 0 0])
  ("TODO" .
   [0 0 0 1])
  ("today" .
   [3 0 0 0 0])
  ("tNum" .
   [0 0 2 1])
  ("timeSet" .
   [0 0 0 0 0 2 0])
  ("set" .
   [1 0 0])
  ("append" .
   [1 0 0 0 0 0])
  ("timeList" .
   [2 0 0 0 0 3 0 0])
  ("time" .
   [1 0 0 0])
  ("date_format_str" .
   [0 0 0 0 0 0 0 0 1 0 0 0 0 0 0])
  ("numpy" .
   [0 0 0 0 9])
  ("random" .
   [1 0 0 0 1 8])
  ("dirichlet" .
   [0 0 0 0 0 2 0 0 0])
  ("alpha_tau" .
   [0 0 2 1 0 0 0 0 1])
  ("zNum" .
   [0 0 1 0])
  ("len" .
   [6 0 0])
  ("tau_prime" .
   [0 0 0 1 0 0 0 0 0])
  ("tweets_num" .
   [0 0 0 0 0 0 0 1 1 0])
  ("poisson" .
   [0 0 0 0 1 0 0])
  ("100" .
   [1 0 0])
  ("tweets" .
   [0 0 2 0 0 1])
  ("tweet_len" .
   [0 0 0 0 0 0 0 2 0])
  ("wNum" .
   [1 0 0 0])
  ("theta_prime" .
   [0 0 0 1 0 0 0 0 1 0 0])
  ("multinomial" .
   [0 0 0 2 0 0 0 0 0 0 0])
  ("z_prime" .
   [0 0 0 1 2 0 0])
  ("syn_graph" .
   [0 0 0 0 0 1 0 0 1])
  ("size" .
   [0 0 1 0])
  ("upSet" .
   [1 0 1 2 0])
  ("alpha_gamma" .
   [0 0 0 0 0 0 0 0 0 0 1])
  ("list" .
   [1 0 0 0])
  ("beta" .
   [1 0 0 2])
  ("alpha_beta" .
   [0 0 0 0 0 0 0 0 1 1])
  ("w_prime" .
   [0 0 0 0 1 0 0])
  ("nonzero" .
   [0 0 0 1 0 0 0])
  ("gamma" .
   [1 0 0 0 0])
  ("upList" .
   [1 0 0 1 0 0])
  ("u_prime_index" .
   [0 0 0 0 0 0 0 0 0 0 1 0 0])
  ("theta" .
   [0 0 0 0 1])
  ("dir" .
   [0 0 1])
  ("dict" .
   [1 0 0 0])
  ("theta_prime_dict" .
   [0 0 0 0 0 0 0 0 0 0 0 0 0 1 0 1])
  ("u_prime" .
   [0 0 0 0 1 0 0])
  ("items" .
   [2 0 0 0 0])))
